gaussian_3x3_sig1_kernel =

    0.0751    0.1238    0.0751
    0.1238    0.2042    0.1238
    0.0751    0.1238    0.0751


gaussian_3x3_sig4_kernel =

    0.1088    0.1123    0.1088
    0.1123    0.1158    0.1123
    0.1088    0.1123    0.1088